20181008 220000 0230000;2892.25;2892.25;2892.25;86
20181008 220000 0230000;2892.25;2892.25;2892.5;1
20181008 220000 0230000;2892.5;2892.25;2892.5;2
20181008 220000 0230000;2892.5;2892.25;2892.5;1
20181008 220000 0230000;2892.25;2892.25;2892.5;4
20181008 220000 0230000;2892.5;2892.25;2892.5;9
20181008 220000 0230000;2892.5;2892.25;2892.5;2
20181008 220000 0230000;2892.5;2892.25;2892.5;1
20181008 220000 0270000;2892.5;2892.25;2892.5;1
20181008 220000 0270000;2892.5;2892.25;2892.5;1
20181008 220000 0270000;2892.5;2892.25;2892.5;2
20181008 220000 0270000;2892.5;2892.25;2892.5;2
20181008 220000 0270000;2892.5;2892.25;2892.5;1
20181008 220000 0350000;2892.5;2892.25;2892.5;1
20181008 220000 0350000;2892.5;2892.25;2892.5;1
20181008 220000 0350000;2892.5;2892.25;2892.5;2
20181008 220000 0390000;2892.5;2892.25;2892.5;1
20181008 220000 0390000;2892.5;2892.25;2892.5;1
20181008 220000 0740000;2892.25;2892.25;2892.5;1
20181008 220000 0740000;2892.25;2892.25;2892.5;1
20181008 220000 0740000;2892.25;2892.25;2892.5;1
20181008 220000 0820000;2892.25;2892.25;2892.5;1
20181008 220000 0820000;2892.25;2892.25;2892.5;1
20181008 220000 0820000;2892.25;2892.25;2892.5;1
20181008 220000 0820000;2892.25;2892.25;2892.5;2
20181008 220000 0820000;2892.25;2892.25;2892.5;1
20181008 220000 0820000;2892.25;2892.25;2892.5;2
20181008 220000 0820000;2892.25;2892.25;2892.5;2
20181008 220000 0930000;2892.5;2892.25;2892.5;1
20181008 220000 0930000;2892.5;2892.25;2892.5;1
20181008 220000 1010000;2892.5;2892.25;2892.5;1
20181008 220000 1250000;2892.5;2892.25;2892.5;1
20181008 220000 1750000;2892.25;2892.25;2892.5;1
20181008 220000 1990000;2892.5;2892.25;2892.5;1
20181008 220000 2770000;2892.5;2892.25;2892.5;1
20181008 220000 4370000;2892.25;2892.25;2892.5;1
20181008 220000 4450000;2892.5;2892.25;2892.5;1
20181008 220000 5150000;2892.5;2892.25;2892.5;3
20181008 220000 5150000;2892.5;2892.25;2892.5;2
20181008 220000 5150000;2892.5;2892.25;2892.5;3
20181008 220000 5150000;2892.75;2892.25;2892.75;4
20181008 220000 5150000;2892.75;2892.25;2892.75;4
20181008 220000 5150000;2892.75;2892.25;2892.75;9
20181008 220000 5150000;2892.75;2892.25;2892.75;1
20181008 220000 5150000;2892.75;2892.25;2892.75;2
20181008 220000 6560000;2892.75;2892.5;2892.75;1
20181008 220000 6560000;2892.75;2892.5;2892.75;1
20181008 220000 6830000;2892.75;2892.5;2892.75;2
20181008 220000 7030000;2892.75;2892.5;2892.75;2
20181008 220000 8710000;2892.75;2892.5;2892.75;1
20181008 220000 8820000;2892.75;2892.5;2892.75;1
20181008 220000 9640000;2892.5;2892.5;2892.75;1
20181008 220001 0190000;2892.75;2892.5;2892.75;1
20181008 220001 0420000;2892.5;2892.5;2892.75;1
20181008 220001 0420000;2892.5;2892.5;2892.75;2
20181008 220001 0420000;2892.5;2892.5;2892.75;1
20181008 220001 0420000;2892.5;2892.5;2892.75;1
20181008 220001 0930000;2892.5;2892.25;2892.5;1
20181008 220001 0970000;2892.5;2892.25;2892.5;1
20181008 220001 1950000;2892.5;2892.25;2892.5;2
20181008 220001 2420000;2892.5;2892.25;2892.5;1
20181008 220001 3160000;2892.5;2892.25;2892.5;1
20181008 220001 3320000;2892.5;2892.25;2892.5;1
20181008 220001 3320000;2892.5;2892.25;2892.5;1
20181008 220001 4290000;2892.75;2892.25;2892.75;1
20181008 220001 4330000;2892.25;2892.25;2892.5;1
20181008 220001 4370000;2892.25;2892.25;2892.5;1
20181008 220001 4370000;2892.25;2892.25;2892.5;1
20181008 220001 4370000;2892.25;2892.25;2892.5;1
20181008 220001 4370000;2892.25;2892.25;2892.5;1
20181008 220001 4490000;2892.5;2892.25;2892.5;1
20181008 220001 4960000;2892.5;2892.25;2892.5;1
20181008 220001 4960000;2892.5;2892.25;2892.5;1
20181008 220001 5700000;2892.25;2892.25;2892.5;1
20181008 220001 5970000;2892.5;2892.25;2892.5;1
20181008 220001 6170000;2892.5;2892.25;2892.5;1
20181008 220001 6170000;2892.5;2892.25;2892.5;1
20181008 220001 6170000;2892.5;2892.25;2892.5;1
20181008 220001 6170000;2892.5;2892.25;2892.5;1
20181008 220001 6280000;2892.25;2892.25;2892.75;1
20181008 220001 6790000;2892.75;2892.25;2892.75;1
20181008 220001 7180000;2892.5;2892.25;2892.5;1
20181008 220002 0420000;2892.5;2892.25;2892.5;1
20181008 220002 0420000;2892.5;2892.25;2892.5;1
20181008 220002 2500000;2892.25;2892.25;2892.5;1
20181008 220002 2500000;2892.25;2892.25;2892.5;3
20181008 220002 2500000;2892.25;2892.25;2892.5;1
20181008 220002 2500000;2892.25;2892.25;2892.5;1
20181008 220002 2570000;2892.5;2892.25;2892.5;2
20181008 220002 3350000;2892.5;2892.25;2892.5;1
20181008 220002 6670000;2892.5;2892.25;2892.5;2
20181008 220002 8320000;2892.5;2892.25;2892.5;3
20181008 220003 4330000;2892.5;2892.25;2892.5;1
20181008 220004 1130000;2892.5;2892.25;2892.5;1
20181008 220004 2850000;2892.5;2892.25;2892.5;5
20181008 220004 2850000;2892.5;2892.25;2892.5;1
20181008 220004 2850000;2892.5;2892.25;2892.5;2
20181008 220004 2850000;2892.5;2892.25;2892.5;1
20181008 220004 2850000;2892.5;2892.25;2892.5;1
20181008 220004 2850000;2892.5;2892.25;2892.5;2
20181008 220005 0000000;2892.75;2892.5;2892.75;1
20181008 220005 0000000;2892.75;2892.5;2892.75;1
20181008 220005 0000000;2892.75;2892.5;2892.75;2
20181008 220005 0000000;2892.75;2892.5;2892.75;2
20181008 220005 0000000;2892.75;2892.5;2892.75;1
20181008 220005 0000000;2892.75;2892.5;2892.75;3
20181008 220005 0000000;2892.75;2892.5;2892.75;2
20181008 220005 0000000;2892.75;2892.5;2892.75;1
20181008 220005 0000000;2892.75;2892.5;2892.75;1
20181008 220005 0000000;2892.75;2892.5;2892.75;1
20181008 220005 0000000;2892.75;2892.5;2892.75;1
20181008 220005 0000000;2893;2892.5;2893;4
20181008 220005 0000000;2893;2892.5;2893;1
20181008 220005 0000000;2892.75;2892.75;2893;1
20181008 220005 0070000;2892.5;2892.5;2892.75;1
20181008 220007 3750000;2892.5;2892.5;2892.75;1
20181008 220007 5030000;2892.5;2892.5;2892.75;1
20181008 220008 3040000;2892.5;2892.5;2892.75;1
20181008 220008 3040000;2892.5;2892.5;2892.75;1
20181008 220008 3040000;2892.5;2892.5;2892.75;3
20181008 220008 3040000;2892.5;2892.5;2892.75;1
20181008 220008 3040000;2892.5;2892.5;2892.75;2
20181008 220008 3040000;2892.5;2892.5;2892.75;1
20181008 220008 3040000;2892.5;2892.5;2892.75;1
20181008 220008 3040000;2892.5;2892.5;2892.75;2
20181008 220009 7920000;2892.5;2892.25;2892.5;1
20181008 220010 2770000;2892.5;2892.25;2892.5;1
20181008 220011 3080000;2892.25;2892.25;2892.5;1
20181008 220011 3080000;2892.5;2892.25;2892.5;1
20181008 220011 3240000;2892.5;2892.25;2892.5;1
20181008 220011 3240000;2892.5;2892.25;2892.5;3
20181008 220011 3240000;2892.5;2892.25;2892.5;1
20181008 220011 3240000;2892.5;2892.25;2892.5;1
20181008 220011 3240000;2892.5;2892.25;2892.5;1
20181008 220011 3240000;2892.5;2892.25;2892.5;5
20181008 220011 3240000;2892.5;2892.25;2892.5;1
20181008 220011 3550000;2892.5;2892.5;2892.75;1
20181008 220011 3550000;2892.5;2892.5;2892.75;1
20181008 220011 3550000;2892.5;2892.5;2892.75;1
20181008 220011 6830000;2892.75;2892.5;2892.75;1
20181008 220012 4020000;2892.75;2892.5;2892.75;3
20181008 220012 4020000;2892.75;2892.5;2892.75;1
20181008 220012 4020000;2892.75;2892.5;2892.75;3
20181008 220012 4020000;2892.75;2892.5;2892.75;1
20181008 220012 4020000;2892.75;2892.5;2892.75;1
20181008 220012 4020000;2892.75;2892.5;2892.75;1
20181008 220012 4020000;2892.75;2892.75;2893;1
20181008 220012 9170000;2892.75;2892.75;2893;1
20181008 220012 9170000;2892.75;2892.75;2893;1
20181008 220012 9210000;2892.5;2892.5;2893;1
20181008 220012 9210000;2892.5;2892.5;2893;1
20181008 220012 9250000;2892.5;2892.5;2892.75;1
20181008 220013 0930000;2892.75;2892.5;2892.75;1
20181008 220013 1640000;2892.75;2892.75;2893;1
20181008 220013 2460000;2892.75;2892.75;2893;1
20181008 220013 2460000;2892.75;2892.75;2893;1
20181008 220013 5580000;2892.75;2892.75;2893;1
20181008 220013 5700000;2892.75;2892.75;2893;1
20181008 220013 7810000;2893;2892.5;2893;1
20181008 220013 8160000;2893;2892.5;2893;1
20181008 220013 8670000;2892.75;2892.75;2893;1
20181008 220013 8980000;2892.75;2892.5;2892.75;1
20181008 220013 9210000;2892.75;2892.5;2892.75;1
20181008 220013 9490000;2892.75;2892.5;2892.75;1
20181008 220014 0580000;2892.75;2892.5;2892.75;10
20181008 220016 3470000;2892.75;2892.5;2892.75;7
20181008 220016 3470000;2892.75;2892.5;2892.75;2
20181008 220016 3470000;2892.75;2892.5;2892.75;2
20181008 220016 3470000;2892.75;2892.5;2892.75;2
20181008 220016 3550000;2892.75;2892.75;2893;1
20181008 220019 0390000;2892.75;2892.75;2893;2
20181008 220021 8900000;2893;2892.75;2893;1
20181008 220022 6830000;2893;2892.75;2893;1
20181008 220026 7810000;2893;2892.75;2893;2
20181008 220027 7770000;2892.75;2892.75;2893;14
20181008 220027 7770000;2892.75;2892.75;2893;3
20181008 220027 7770000;2892.75;2892.75;2893;1
20181008 220027 7770000;2892.75;2892.75;2893;2
20181008 220027 8980000;2893;2892.75;2893;1
20181008 220028 1480000;2893;2892.75;2893;1
20181008 220029 0700000;2892.75;2892.75;2893;1
20181008 220029 6050000;2893;2892.75;2893;2
20181008 220029 7340000;2892.75;2892.75;2893;1
20181008 220029 7460000;2892.75;2892.75;2893;1
20181008 220029 7460000;2892.75;2892.75;2893;5
20181008 220029 7460000;2892.75;2892.75;2893;1
20181008 220029 7460000;2892.75;2892.75;2893;1
20181008 220029 7460000;2892.75;2892.75;2893;1
20181008 220029 7460000;2892.75;2892.75;2893;1
20181008 220029 7460000;2892.75;2892.75;2893;1
20181008 220029 7460000;2892.75;2892.75;2893;9
20181008 220029 7460000;2892.75;2892.75;2893;1
20181008 220029 9570000;2892.75;2892.5;2892.75;1
20181008 220030 3980000;2892.75;2892.5;2892.75;1
20181008 220030 3980000;2892.75;2892.5;2892.75;1
20181008 220031 0230000;2892.75;2892.75;2893;4
20181008 220031 2100000;2892.75;2892.75;2893;2
20181008 220045 9600000;2892.75;2892.5;2892.75;1
20181008 220101 6600000;2892.75;2892.5;2892.75;1
20181008 220101 6600000;2892.75;2892.5;2892.75;1
20181008 220101 6600000;2892.75;2892.5;2892.75;1
20181008 220101 6600000;2892.75;2892.5;2892.75;1
20181008 220101 6600000;2892.75;2892.5;2892.75;1
20181008 220101 8510000;2892.75;2892.5;2892.75;1
20181008 220103 1990000;2892.75;2892.5;2892.75;2
20181008 220103 1990000;2892.75;2892.5;2892.75;2
20181008 220103 1990000;2892.75;2892.5;2892.75;1
20181008 220103 1990000;2892.75;2892.5;2892.75;2
20181008 220103 1990000;2892.75;2892.5;2892.75;1
20181008 220103 1990000;2892.75;2892.5;2892.75;1
20181008 220103 1990000;2892.75;2892.5;2892.75;1
20181008 220103 1990000;2892.75;2892.5;2892.75;3
20181008 220103 1990000;2892.75;2892.5;2892.75;6
20181008 220103 1990000;2892.75;2892.5;2892.75;1
20181008 220103 1990000;2892.75;2892.5;2892.75;1
20181008 220103 1990000;2892.75;2892.5;2892.75;1
20181008 220103 1990000;2892.75;2892.5;2892.75;2
20181008 220105 7920000;2892.75;2892.75;2893;1
20181008 220105 7920000;2892.75;2892.75;2893;1
20181008 220107 1170000;2892.75;2892.75;2893;1
20181008 220107 6210000;2892.75;2892.75;2893;1
20181008 220107 7770000;2892.75;2892.75;2893;1
20181008 220107 9250000;2892.75;2892.75;2893;1
20181008 220108 0190000;2892.75;2892.75;2893;2
20181008 220108 0190000;2892.75;2892.75;2893;1
20181008 220108 0190000;2892.75;2892.75;2893;1
20181008 220108 0190000;2892.75;2892.75;2893;1
20181008 220108 0190000;2892.75;2892.75;2893;1
20181008 220108 0190000;2892.75;2892.75;2893;1
20181008 220108 0190000;2892.75;2892.75;2893;1
20181008 220108 0190000;2892.75;2892.75;2893;1
20181008 220108 0190000;2892.75;2892.75;2893;1
20181008 220108 0190000;2892.75;2892.75;2893;1
20181008 220108 0190000;2892.75;2892.75;2893;1
20181008 220108 0190000;2892.5;2892.5;2893;1
20181008 220108 0190000;2892.5;2892.5;2893;2
20181008 220108 0190000;2892.5;2892.5;2893;1
20181008 220108 0190000;2892.5;2892.5;2893;1
20181008 220108 0190000;2892.5;2892.5;2893;1
20181008 220108 0190000;2892.5;2892.5;2893;1
20181008 220108 0190000;2892.5;2892.5;2893;1
20181008 220109 9290000;2892.75;2892.5;2892.75;1
20181008 220112 5970000;2892.75;2892.5;2892.75;1
20181008 220118 4960000;2892.75;2892.5;2892.75;1
20181008 220118 4960000;2892.75;2892.5;2892.75;1
20181008 220118 4960000;2892.75;2892.5;2892.75;1
20181008 220118 4960000;2892.75;2892.5;2892.75;1
20181008 220118 4960000;2892.75;2892.5;2892.75;1
20181008 220121 7610000;2892.75;2892.5;2892.75;1
20181008 220138 0820000;2892.75;2892.5;2892.75;1
20181008 220143 4570000;2892.75;2892.5;2892.75;1
20181008 220144 1710000;2892.5;2892.5;2892.75;1
20181008 220144 1710000;2892.5;2892.5;2892.75;2
20181008 220144 1710000;2892.5;2892.5;2892.75;1
20181008 220144 1710000;2892.5;2892.5;2892.75;1
20181008 220144 1710000;2892.5;2892.5;2892.75;1
20181008 220144 1710000;2892.5;2892.5;2892.75;1
20181008 220144 1710000;2892.5;2892.5;2892.75;1
20181008 220144 1710000;2892.5;2892.5;2892.75;1
20181008 220144 1710000;2892.5;2892.5;2892.75;1
20181008 220144 1710000;2892.5;2892.5;2892.75;1
20181008 220144 1710000;2892.5;2892.5;2892.75;1
20181008 220144 1710000;2892.5;2892.5;2892.75;9
20181008 220144 1710000;2892.5;2892.5;2892.75;2
20181008 220144 1710000;2892.5;2892.5;2892.75;1
20181008 220144 1710000;2892.5;2892.5;2892.75;2
20181008 220144 1710000;2892.5;2892.5;2892.75;1
20181008 220144 1710000;2892.5;2892.5;2892.75;4
20181008 220144 1710000;2892.5;2892.5;2892.75;2
20181008 220144 1710000;2892.5;2892.5;2892.75;1
20181008 220144 1710000;2892.5;2892.5;2892.75;2
20181008 220144 1710000;2892.5;2892.5;2892.75;1
20181008 220144 1710000;2892.5;2892.5;2892.75;1
20181008 220144 1710000;2892.5;2892.5;2892.75;2
20181008 220144 1710000;2892.5;2892.5;2892.75;1
20181008 220144 1710000;2892.5;2892.5;2892.75;1
20181008 220144 1710000;2892.5;2892.5;2892.75;1
20181008 220144 1710000;2892.25;2892.25;2892.75;1
20181008 220144 1710000;2892.25;2892.25;2892.75;1
20181008 220144 1710000;2892.25;2892.25;2892.75;1
20181008 220144 1710000;2892.25;2892.25;2892.75;2
20181008 220144 1710000;2892.25;2892.25;2892.75;3
20181008 220144 1710000;2892.25;2892.25;2892.75;1
20181008 220144 1710000;2892.25;2892.25;2892.75;1
20181008 220144 1710000;2892.25;2892.25;2892.75;1
20181008 220144 1710000;2892.25;2892.25;2892.75;2
20181008 220144 1710000;2892.25;2892.25;2892.75;1
20181008 220144 1710000;2892.25;2892.25;2892.75;1
20181008 220144 1710000;2892.25;2892.25;2892.75;1
20181008 220144 1710000;2892.25;2892.25;2892.75;1
20181008 220144 1710000;2892.25;2892.25;2892.75;1
20181008 220144 1710000;2892.25;2892.25;2892.75;1
20181008 220144 1710000;2892.25;2892.25;2892.75;5
20181008 220144 1710000;2892.25;2892.25;2892.75;1
20181008 220144 1710000;2892.25;2892.25;2892.75;1
20181008 220144 1710000;2892.25;2892.25;2892.75;2
20181008 220144 1710000;2892.25;2892.25;2892.75;1
20181008 220144 1710000;2892.25;2892.25;2892.75;1
20181008 220144 1710000;2892.25;2892.25;2892.75;1
20181008 220144 1750000;2892.25;2892;2892.25;3
20181008 220144 1750000;2892.25;2892;2892.25;3
20181008 220144 1750000;2892.25;2892;2892.25;1
20181008 220144 1790000;2892.25;2892;2892.25;2
20181008 220144 3550000;2892.25;2892;2892.25;4
20181008 220144 4170000;2892;2892;2892.25;1
20181008 220144 4170000;2892;2892;2892.25;2
20181008 220144 4170000;2892;2892;2892.25;1
20181008 220144 4170000;2892;2892;2892.25;4
20181008 220144 4170000;2892;2892;2892.25;14
20181008 220144 4170000;2892;2892;2892.25;3
20181008 220145 7920000;2892;2892;2892.25;1
20181008 220146 7220000;2892.25;2892;2892.25;1
20181008 220152 7850000;2892;2892;2892.25;8
20181008 220152 7850000;2892;2892;2892.25;15
20181008 220152 7850000;2892;2892;2892.25;1
20181008 220152 7850000;2892;2892;2892.25;1
20181008 220152 7850000;2892;2892;2892.25;1
20181008 220152 7850000;2892;2892;2892.25;1
20181008 220152 7850000;2892;2892;2892.25;2
20181008 220152 7850000;2892;2892;2892.25;1
20181008 220152 7850000;2892;2892;2892.25;3
20181008 220152 7850000;2892;2892;2892.25;1
20181008 220152 7850000;2892;2892;2892.25;1
20181008 220152 7850000;2892;2892;2892.25;1
20181008 220152 7850000;2892;2892;2892.25;1
20181008 220152 7850000;2892;2892;2892.25;1
20181008 220152 7850000;2892;2892;2892.25;15
20181008 220152 7850000;2892;2892;2892.25;1
20181008 220152 7850000;2892;2892;2892.25;1
20181008 220152 7850000;2892;2892;2892.25;1
20181008 220152 7850000;2892;2892;2892.25;1
20181008 220152 7850000;2892;2892;2892.25;1
20181008 220152 7850000;2892;2892;2892.25;2
20181008 220152 7850000;2892;2892;2892.25;1
20181008 220152 7850000;2892;2892;2892.25;1
20181008 220152 7890000;2892;2892;2892.25;1
20181008 220152 7890000;2892;2892;2892.25;1
20181008 220152 7890000;2892;2892;2892.25;1
20181008 220152 7890000;2892;2892;2892.25;1
20181008 220152 7890000;2892;2892;2892.25;1
20181008 220152 7890000;2892;2892;2892.25;1
20181008 220152 7890000;2892;2892;2892.25;1
20181008 220152 7890000;2892;2892;2892.25;3
20181008 220154 4100000;2892;2892;2892.25;1
20181008 220159 2100000;2892;2892;2892.25;3
20181008 220159 2100000;2892;2892;2892.25;15
20181008 220159 2100000;2892;2892;2892.25;1
20181008 220159 2100000;2892;2892;2892.25;1
20181008 220159 2100000;2892;2892;2892.25;1
20181008 220159 2100000;2892;2892;2892.25;1
20181008 220159 2100000;2892;2892;2892.25;1
20181008 220159 2100000;2892;2892;2892.25;2
20181008 220159 2100000;2892;2892;2892.25;1
20181008 220159 2100000;2892;2892;2892.25;1
20181008 220159 2100000;2892;2892;2892.25;1
20181008 220159 2100000;2892;2892;2892.25;1
20181008 220159 2100000;2892;2892;2892.25;1
20181008 220159 2100000;2892;2892;2892.25;1
20181008 220159 2100000;2892;2892;2892.25;6
20181008 220159 2100000;2892;2892;2892.25;1
20181008 220159 2100000;2892;2892;2892.25;2
20181008 220208 2890000;2892.25;2892;2892.25;1
20181008 220210 7220000;2892.25;2892;2892.25;1
20181008 220210 7530000;2892.25;2892;2892.25;4
20181008 220212 5070000;2892;2892;2892.25;1
20181008 220213 2180000;2892.25;2892;2892.25;2
20181008 220222 1170000;2892;2892;2892.25;1
20181008 220228 6830000;2892;2892;2892.25;1
20181008 220230 6870000;2892;2892;2892.25;1
20181008 220237 4720000;2892.25;2892;2892.25;1
20181008 220240 7650000;2892;2892;2892.25;1
20181008 220240 7650000;2892;2892;2892.25;1
20181008 220240 7690000;2892;2892;2892.25;1
20181008 220242 0820000;2892;2892;2892.25;6
20181008 220242 0820000;2892;2892;2892.25;1
20181008 220242 0820000;2892;2892;2892.25;1
20181008 220242 0820000;2892;2892;2892.25;1
20181008 220242 0820000;2892;2892;2892.25;1
20181008 220242 0820000;2892;2892;2892.25;1
20181008 220242 0820000;2892;2892;2892.25;1
20181008 220242 0820000;2892;2892;2892.25;1
20181008 220242 0820000;2892;2892;2892.25;1
20181008 220242 0820000;2892;2892;2892.25;2
20181008 220242 0820000;2892;2892;2892.25;1
20181008 220257 8280000;2892;2892;2892.25;1
20181008 220300 8200000;2892;2892;2892.25;2
20181008 220301 1090000;2892.25;2892;2892.25;3
20181008 220301 1090000;2892.25;2892;2892.25;1
20181008 220301 1090000;2892.25;2892;2892.25;1
20181008 220301 1090000;2892.25;2892;2892.25;1
20181008 220301 1090000;2892.25;2892;2892.25;1
20181008 220301 1090000;2892.25;2892;2892.25;1
20181008 220301 1090000;2892.25;2892;2892.25;1
20181008 220301 1090000;2892.25;2892;2892.25;1
20181008 220301 1090000;2892.25;2892;2892.25;1
20181008 220301 1090000;2892.25;2892;2892.25;10
20181008 220301 1090000;2892.25;2892;2892.25;1
20181008 220301 1090000;2892.25;2892;2892.25;1
20181008 220301 1090000;2892.25;2892;2892.25;1
20181008 220301 1090000;2892.25;2892;2892.25;1
20181008 220301 1090000;2892.25;2892;2892.25;1
20181008 220301 1090000;2892.25;2892;2892.25;2
20181008 220301 1090000;2892.25;2892;2892.25;1
20181008 220301 1090000;2892.25;2892;2892.25;1
20181008 220301 1090000;2892.25;2892;2892.25;1
20181008 220301 1090000;2892.25;2892;2892.25;15
20181008 220301 1090000;2892.25;2892;2892.25;4
20181008 220301 1090000;2892.25;2892;2892.25;1
20181008 220301 1090000;2892.25;2892;2892.25;1
20181008 220301 1090000;2892.25;2892;2892.25;1
20181008 220301 1090000;2892.25;2892;2892.25;2
20181008 220301 1090000;2892.25;2892;2892.25;1
20181008 220301 1130000;2892.25;2892;2892.25;1
20181008 220301 1130000;2892.25;2892;2892.25;1
20181008 220301 1130000;2892.25;2892;2892.25;2
20181008 220301 1130000;2892.25;2892;2892.25;1
20181008 220302 5390000;2892.25;2892;2892.25;1
20181008 220302 5390000;2892.25;2892;2892.25;3
20181008 220302 5390000;2892.25;2892;2892.25;1
20181008 220302 5390000;2892.25;2892;2892.25;1
20181008 220302 5390000;2892.25;2892;2892.25;1
20181008 220302 5390000;2892.25;2892;2892.25;1
20181008 220302 5390000;2892.25;2892;2892.25;1
20181008 220302 5390000;2892.25;2892;2892.25;1
20181008 220302 5390000;2892.25;2892;2892.25;1
20181008 220302 5390000;2892.25;2892;2892.25;1
20181008 220302 5390000;2892.25;2892;2892.25;1
20181008 220303 2570000;2892.25;2892;2892.25;1
20181008 220303 2570000;2892.25;2892;2892.25;3
20181008 220303 2570000;2892.25;2892;2892.25;1
20181008 220303 2570000;2892.25;2892;2892.25;1
20181008 220303 2570000;2892.25;2892;2892.25;1
20181008 220303 2570000;2892.25;2892;2892.25;1
20181008 220303 2570000;2892.25;2892;2892.25;2
20181008 220308 7650000;2892;2892;2892.25;1
20181008 220308 7650000;2892;2892;2892.25;2
20181008 220308 7650000;2892;2892;2892.25;2
20181008 220308 7650000;2892;2892;2892.25;1
20181008 220308 7650000;2892;2892;2892.25;1
20181008 220308 7650000;2892;2892;2892.25;1
20181008 220308 7650000;2892;2892;2892.25;1
20181008 220308 7650000;2892;2892;2892.25;1
20181008 220308 7650000;2892;2892;2892.25;1
20181008 220308 7650000;2892;2892;2892.25;1
20181008 220308 7650000;2892;2892;2892.25;1
20181008 220308 7650000;2892;2892;2892.25;2
20181008 220308 7650000;2892;2892;2892.25;1
20181008 220308 7650000;2892;2892;2892.25;1
20181008 220308 7650000;2892;2892;2892.25;1
20181008 220308 7650000;2892;2892;2892.25;2
20181008 220308 7650000;2892;2892;2892.25;1
20181008 220308 7650000;2892;2892;2892.25;2
20181008 220308 7650000;2892;2892;2892.25;1
20181008 220308 7650000;2892;2892;2892.25;1
20181008 220308 7650000;2892;2892;2892.25;1
20181008 220308 7650000;2892;2892;2892.25;1
20181008 220308 7650000;2892;2892;2892.25;1
20181008 220308 7650000;2892;2892;2892.25;2
20181008 220308 7730000;2892;2891.75;2892;2
20181008 220308 7730000;2892;2891.75;2892;1
20181008 220308 7730000;2892;2891.75;2892;3
20181008 220308 7730000;2892;2891.75;2892;3
20181008 220308 7730000;2892;2891.75;2892;1
20181008 220308 7770000;2892;2891.75;2892;1
20181008 220308 7770000;2892;2891.75;2892;1
20181008 220308 7770000;2892;2891.75;2892;1
20181008 220308 7770000;2892;2891.75;2892;1
20181008 220308 7770000;2892;2891.75;2892;1
20181008 220308 7770000;2892;2891.75;2892;1
20181008 220308 7770000;2892;2891.75;2892;1
20181008 220309 6440000;2892;2891.75;2892;10
20181008 220309 6440000;2892;2891.75;2892;3
20181008 220309 6440000;2892;2891.75;2892;1
20181008 220309 6440000;2892;2891.75;2892;1
20181008 220309 6440000;2892;2891.75;2892;17
20181008 220309 6440000;2892;2891.75;2892;2
20181008 220309 6440000;2892;2891.75;2892;4
20181008 220309 6440000;2892;2891.75;2892;2
20181008 220309 6440000;2892;2891.75;2892;2
20181008 220309 6440000;2892;2891.75;2892;1
20181008 220309 6440000;2892;2891.75;2892;1
20181008 220309 6440000;2892;2891.75;2892;1
20181008 220309 6440000;2892;2891.75;2892;5
20181008 220309 6440000;2892;2891.75;2892;3
20181008 220309 6440000;2892;2891.75;2892;2
20181008 220309 6440000;2892;2891.75;2892;24
20181008 220309 6440000;2892;2891.75;2892;1
20181008 220309 6440000;2892;2891.75;2892;1
20181008 220309 6440000;2892;2891.75;2892;1
20181008 220309 6440000;2892;2891.75;2892;1
20181008 220309 6440000;2892;2891.75;2892;5
20181008 220309 6440000;2892;2891.75;2892;1
20181008 220309 6440000;2892;2891.75;2892;1
20181008 220310 3900000;2892;2891.75;2892;1
20181008 220311 6010000;2891.75;2891.75;2892;2
20181008 220311 6010000;2891.75;2891.75;2892;1
20181008 220341 4840000;2892;2891.75;2892;2
20181008 220344 7220000;2891.75;2891.75;2892;1
20181008 220346 1130000;2892;2891.75;2892;2
20181008 220350 5660000;2892;2891.75;2892;5
20181008 220350 5660000;2892;2891.75;2892;1
20181008 220350 5660000;2892;2891.75;2892;1
20181008 220350 5660000;2892;2891.75;2892;10
20181008 220350 5660000;2892;2891.75;2892;1
20181008 220350 5660000;2892;2891.75;2892;1
20181008 220350 5660000;2892;2891.75;2892;1
20181008 220350 5660000;2892;2891.75;2892;1
20181008 220350 5660000;2892;2891.75;2892;2
20181008 220350 5660000;2892;2891.75;2892;1
20181008 220350 5660000;2892;2891.75;2892;1
20181008 220350 5660000;2892;2891.75;2892;1
20181008 220350 5660000;2892;2891.75;2892;1
20181008 220351 9100000;2892.25;2892;2892.25;1
20181008 220351 9100000;2892.25;2892;2892.25;2
20181008 220351 9100000;2892.25;2892;2892.25;1
20181008 220351 9100000;2892.25;2892;2892.25;1
20181008 220351 9100000;2892.25;2892;2892.25;1
20181008 220351 9100000;2892.25;2892;2892.25;1
20181008 220351 9100000;2892.25;2892;2892.25;1
20181008 220353 0000000;2892;2892;2892.25;1
20181008 220354 0000000;2892;2892;2892.25;1
20181008 220403 0110000;2892.25;2892;2892.25;1
20181008 220403 0110000;2892.25;2892;2892.25;10
20181008 220403 0110000;2892.25;2892;2892.25;1
20181008 220403 0110000;2892.25;2892;2892.25;1
20181008 220403 0110000;2892.25;2892;2892.25;32
20181008 220403 0110000;2892.25;2892;2892.25;2
20181008 220403 0110000;2892.25;2892;2892.25;1
20181008 220403 0110000;2892.25;2892;2892.25;1
20181008 220403 0110000;2892.25;2892;2892.25;1
20181008 220403 0110000;2892.25;2892;2892.25;1
20181008 220403 0110000;2892.25;2892;2892.25;1
20181008 220403 0110000;2892.25;2892;2892.25;1
20181008 220403 0110000;2892.25;2892;2892.25;1
20181008 220403 0110000;2892.25;2892;2892.25;4
20181008 220403 0110000;2892.25;2892;2892.25;1
20181008 220403 0110000;2892.25;2892;2892.25;19
20181008 220403 0110000;2892.25;2892;2892.25;3
20181008 220403 0110000;2892.25;2892;2892.25;1
20181008 220407 6830000;2892.25;2892;2892.25;4
20181008 220407 6830000;2892.25;2892;2892.25;2
20181008 220407 6830000;2892.25;2892;2892.25;1
20181008 220407 6830000;2892.25;2892;2892.25;1
20181008 220407 6830000;2892.25;2892;2892.25;1
20181008 220407 6830000;2892.25;2892;2892.25;1
20181008 220407 6830000;2892.25;2892;2892.25;1
20181008 220407 6830000;2892.25;2892;2892.25;1
20181008 220408 7690000;2892.25;2892;2892.25;3
20181008 220408 7690000;2892.25;2892;2892.25;1
20181008 220408 7690000;2892.25;2892;2892.25;1
20181008 220408 7690000;2892.25;2892;2892.25;1
20181008 220408 7690000;2892.25;2892;2892.25;1
20181008 220408 7690000;2892.25;2892;2892.25;1
20181008 220408 7690000;2892.25;2892;2892.25;1
20181008 220408 7690000;2892.25;2892;2892.25;1
20181008 220408 7730000;2892.25;2892;2892.25;1
20181008 220408 7730000;2892.25;2892;2892.25;1
20181008 220408 9640000;2892.25;2892;2892.25;1
20181008 220408 9640000;2892.25;2892;2892.25;1
20181008 220409 0420000;2892.25;2892;2892.25;1
20181008 220409 0700000;2892.25;2892;2892.25;1
20181008 220409 0930000;2892.25;2892;2892.25;1
20181008 220409 0930000;2892.25;2892;2892.25;1
20181008 220409 0930000;2892.25;2892;2892.25;1
20181008 220409 1560000;2892.25;2892;2892.25;1
20181008 220409 1560000;2892.25;2892;2892.25;1
20181008 220409 2100000;2892.25;2892;2892.25;1
20181008 220409 7530000;2892.25;2892;2892.25;1
20181008 220410 6280000;2892.25;2892;2892.25;2
20181008 220411 0270000;2892.25;2892;2892.25;1
20181008 220411 0850000;2892.25;2892;2892.25;1
20181008 220411 8750000;2892.25;2892;2892.25;2
20181008 220412 0030000;2892.25;2892;2892.25;2
20181008 220413 0930000;2892.25;2892;2892.25;2
20181008 220413 1870000;2892.25;2892;2892.25;1
20181008 220413 3980000;2892.25;2892;2892.25;2
20181008 220413 4840000;2892.25;2892;2892.25;1
20181008 220413 4840000;2892.25;2892;2892.25;5
20181008 220415 1830000;2892.25;2892;2892.25;1
20181008 220415 1830000;2892.25;2892;2892.25;1
20181008 220415 1830000;2892.25;2892;2892.25;1
20181008 220415 1830000;2892.25;2892;2892.25;1
20181008 220415 1870000;2892.25;2892;2892.25;1
20181008 220415 1870000;2892.25;2892;2892.25;1
20181008 220415 9330000;2892;2892;2892.25;2
20181008 220415 9330000;2892.25;2892;2892.25;1
20181008 220416 5030000;2892.25;2892;2892.25;1
20181008 220416 5030000;2892.25;2892;2892.25;1
20181008 220416 5030000;2892.25;2892;2892.25;1
20181008 220416 6750000;2892.25;2892;2892.25;5
20181008 220416 6750000;2892.25;2892;2892.25;1
20181008 220416 6750000;2892.25;2892;2892.25;1
20181008 220417 7570000;2892.25;2892;2892.25;2
20181008 220417 9680000;2892.25;2892;2892.25;1
20181008 220419 9530000;2892.25;2892;2892.25;2
20181008 220421 0780000;2892.25;2892.25;2892.5;3
20181008 220421 0780000;2892.25;2892.25;2892.5;1
20181008 220421 0780000;2892.25;2892.25;2892.5;1
20181008 220427 5230000;2892.5;2892.25;2892.5;1
20181008 220427 5230000;2892.5;2892.25;2892.5;1
20181008 220427 5230000;2892.5;2892.25;2892.5;1
20181008 220427 5230000;2892.5;2892.25;2892.5;1
20181008 220427 5230000;2892.5;2892.25;2892.5;2
20181008 220436 7850000;2892.5;2892.25;2892.5;1
20181008 220436 7850000;2892.5;2892.25;2892.5;3
20181008 220436 7850000;2892.5;2892.25;2892.5;1
20181008 220450 0230000;2892.5;2892.25;2892.5;1
20181008 220450 0230000;2892.5;2892.25;2892.5;1
20181008 220450 0230000;2892.5;2892.25;2892.5;5
20181008 220450 0230000;2892.5;2892.25;2892.5;3
20181008 220450 0230000;2892.5;2892.25;2892.5;1
20181008 220450 0230000;2892.5;2892.25;2892.5;1
20181008 220450 0230000;2892.5;2892.25;2892.5;6
20181008 220450 0230000;2892.5;2892.5;2892.75;2
20181008 220450 0230000;2892.5;2892.5;2892.75;1
20181008 220450 0230000;2892.5;2892.5;2892.75;1
20181008 220450 0230000;2892.5;2892.5;2892.75;1
20181008 220450 0230000;2892.5;2892.25;2892.5;1
20181008 220451 1050000;2892.5;2892.5;2892.75;1
20181008 220451 1050000;2892.5;2892.5;2892.75;1
20181008 220451 1050000;2892.5;2892.5;2892.75;3
20181008 220451 1050000;2892.5;2892.5;2892.75;1
20181008 220454 1210000;2892.5;2892.25;2892.5;1
20181008 220457 7420000;2892.5;2892.25;2892.5;1
20181008 220457 7420000;2892.5;2892.25;2892.5;1
20181008 220457 7420000;2892.5;2892.25;2892.5;3
20181008 220500 7100000;2892.5;2892.25;2892.5;1
20181008 220500 7100000;2892.5;2892.25;2892.5;1
20181008 220500 8980000;2892.5;2892.25;2892.5;1
